21 37 1
36 37 1
3 6 3
30 38 1
10 7 3
30 41 1
38 28 1
28 34 1
20 13 3
21 43 1
21 39 1
38 32 1
11 8 3
12 18 3
26 42 1
18 4 3
35 32 1
34 -1 2
34 40 1
17 11 3
35 3 2
36 1 2
31 35 1
30 40 1
37 -7 2
2 7 3
15 5 3
34 -1 2
38 39 1
38 -3 2
25 4 2
35 36 1
38 4 2
7 14 3
13 11 3
18 5 3
32 -7 2
33 35 1
16 5 3
35 42 1
25 43 1
28 43 1
9 6 3
6 9 3
34 36 1
35 39 1
18 0 3
39 7 2
36 1 2
34 34 1
29 -4 2
20 -1 3
42 35 1
41 1 2
37 36 1
36 37 1
0 7 3
29 41 1
36 37 1
32 33 1
32 -3 2
4 6 3
41 40 1
13 8 3
30 36 1
15 -4 3
32 42 1
30 40 1
11 5 3
23 46 1
30 40 1
30 41 1
16 8 3
19 2 3
42 38 1
5 15 3
16 3 3
35 -3 2
8 11 3
15 3 3
38 34 1
38 5 2
30 43 1
2 12 3
19 5 3
38 33 1
39 31 1
39 1 2
18 5 3
33 2 2
24 3 2
30 35 1
40 -4 2
37 43 1
20 0 3
44 35 1
13 6 3
36 33 1
13 4 3
14 6 3
18 6 3
34 40 1
29 34 1
8 11 3
39 4 2
30 40 1
32 7 2
21 1 3
18 5 3
28 37 1
10 10 3
36 1 2
33 42 1
8 8 3
41 4 2
20 -3 3
37 38 1
30 36 1
31 35 1
35 33 1
9 12 3
1 5 3
6 16 3
25 38 1
8 11 3
34 3 2
33 7 2
31 7 2
38 32 1
36 36 1
37 -1 2
19 4 3
7 5 3
33 36 1
34 37 1
18 5 3
44 38 1
34 42 1
36 37 1
32 -6 2
24 43 1
32 -2 2
31 34 1
35 1 2
34 7 2
30 41 1
15 5 3
30 33 1
33 30 1
2 6 3
31 47 1
36 37 1
2 5 3
32 34 1
26 41 1
36 1 2
18 4 3
19 3 3
30 37 1
25 43 1
36 1 2
29 0 2
35 44 1
36 47 1
38 -2 2
33 31 1
35 47 1
35 -1 2
3 10 3
29 36 1
29 39 1
39 -2 2
29 -2 2
16 4 3
32 46 1
6 11 3
26 37 1
41 41 1
30 -2 2
28 38 1
33 5 2
27 39 1
12 16 3
30 41 1
36 43 1
30 40 1
24 6 3
41 37 1
8 19 3
38 -4 2
31 32 1
18 5 3
17 4 3
35 43 1
34 43 1
8 11 3
36 1 2
34 -5 2
31 6 2
35 40 1
24 7 3
30 34 1
7 9 3
21 42 1
18 2 3
12 16 3
9 1 3
32 39 1
11 3 3
29 7 2
35 -1 2
31 34 1
30 3 2
8 9 3
16 -2 3
39 44 1
41 38 1
39 37 1
34 4 2
25 4 2
10 10 3
15 8 3
27 2 2
34 34 1
30 1 2
15 13 3
36 37 1
17 5 3
8 10 3
10 8 3
25 3 2
21 4 3
29 31 1
19 1 3
38 36 1
37 31 1
18 9 3
32 29 1
34 34 1
29 -3 2
18 6 3
35 35 1
33 2 2
32 42 1
21 2 3
22 1 3
27 35 1
37 -1 2
36 1 2
39 35 1
10 13 3
29 40 1
20 6 3
36 37 1
16 7 3
4 12 3
16 10 3
33 34 1
41 33 1
36 -2 2
2 14 3
18 5 3
33 44 1
35 0 2
10 14 3
36 36 1
33 41 1
32 39 1
37 32 1
6 11 3
29 0 2
18 6 3
1 10 3
35 36 1
35 41 1
21 38 1
23 2 2
30 38 1
21 7 3
39 44 1
34 37 1
17 4 3
37 42 1
34 4 2
20 11 3
14 11 3
34 -1 2
30 33 1
34 2 2
8 11 3
34 43 1
36 37 1
8 11 3
38 5 2
33 36 1
32 43 1
30 34 1
14 0 3
33 32 1
8 11 3
36 36 1
40 36 1
36 0 2
36 -7 2
18 5 3
35 42 1
33 37 1
28 38 1
26 33 1
35 7 2
36 1 2
8 11 3
15 1 3
4 3 3
13 1 3
42 -6 2
37 0 2
13 10 3
22 40 1
42 34 1
36 -3 2
33 29 1
35 38 1
10 3 3
27 39 1
18 5 3
24 45 1
8 11 3
41 -6 2
30 40 1
38 -7 2
32 35 1
32 49 1
34 34 1
11 13 3
30 34 1
42 36 1
22 46 1
38 -2 2
8 11 3
28 42 1
30 41 1
1 10 3
16 4 3
34 -5 2
37 7 2
29 45 1
18 5 3
20 0 3
41 40 1
37 1 2
32 31 1
15 8 3
17 8 3
12 15 3
20 9 3
10 10 3
25 8 2
36 0 2
33 39 1
4 6 3
36 45 1
29 2 2
29 41 1
7 9 3
36 37 1
34 0 2
30 41 1
28 47 1
34 30 1
17 6 3
36 1 2
13 2 3
18 5 3
35 1 2
8 9 3
3 6 3
13 16 3
38 43 1
34 30 1
7 15 3
27 -2 2
32 33 1
22 38 1
17 5 3
21 -2 3
30 40 1
37 39 1
40 39 1
30 41 1
5 6 3
3 12 3
3 12 3
9 6 3
36 1 2
29 32 1
40 -1 2
9 11 3
36 46 1
36 40 1
30 41 1
19 0 3
15 10 3
25 5 2
36 1 2
17 -1 3
8 11 3
36 1 2
14 8 3
42 6 2
18 7 3
44 38 1
28 39 1
21 12 3
6 9 3
40 38 1
34 1 2
27 1 2
36 1 2
33 30 1
9 17 3
39 -1 2
28 37 1
37 -1 2
28 39 1
28 42 1
36 0 2
35 39 1
37 37 1
12 17 3
39 45 1
34 -1 2
37 30 1
29 41 1
9 14 3
21 6 3
36 1 2
33 34 1
29 45 1
30 41 1
7 11 3
20 3 3
2 15 3
39 39 1
15 2 3
21 -4 2
37 6 2
40 -8 2
33 41 1
40 -3 2
16 6 3
7 11 3
32 45 1
8 14 3
24 45 1
40 37 1
33 38 1
17 5 3
30 43 1
8 11 3
37 6 2
34 46 1
41 40 1
32 35 1
25 35 1
33 36 1
18 5 3
36 1 2
37 -1 2
17 6 3
30 40 1
35 0 2
7 17 3
9 19 3
26 3 2
41 32 1
5 12 3
18 6 3
16 9 3
43 36 1
30 41 1
38 36 1
30 5 2
20 1 3
4 8 3
15 -1 3
14 14 3
29 40 1
44 4 2
41 38 1
34 3 2
35 42 1
20 3 3
33 -1 2
34 39 1
35 0 2
37 0 2
36 36 1
18 5 3
36 37 1
40 3 2
38 38 1
12 5 3
8 8 3
24 37 1
35 39 1
20 12 3
10 8 3
30 -5 2
29 46 1
13 11 3
8 11 3
32 36 1
36 9 2
16 7 3
17 4 3
1 17 3
9 12 3
32 1 2
30 -3 2
13 8 3
3 11 3
30 42 1
35 0 2
3 11 3
35 37 1
20 -2 3
2 10 3
36 1 2
19 11 3
9 10 3
33 35 1
12 4 3
30 39 1
29 40 1
44 37 1
35 46 1
17 -2 3
3 15 3
15 0 3
18 4 3
33 0 2
34 0 2
24 9 3
18 5 3
0 6 3
32 0 2
30 41 1
12 3 3
4 19 3
44 36 1
21 6 3
35 -5 2
30 40 1
8 11 3
36 0 2
27 36 1
36 1 2
32 1 2
11 9 3
36 37 1
23 8 3
38 38 1
40 44 1
18 5 3
16 0 3
36 38 1
35 28 1
4 6 3
36 1 2
27 47 1
4 17 3
35 -1 2
17 5 3
35 48 1
11 -2 3
18 5 3
12 4 3
17 3 3
30 41 1
30 42 1
36 29 1
18 5 3
37 8 2
33 41 1
10 4 3
14 3 3
38 1 2
33 37 1
21 4 3
18 5 3
6 11 3
14 1 3
20 7 3
7 18 3
11 15 3
28 34 1
35 36 1
37 9 2
27 36 1
33 -1 2
29 -1 2
30 39 1
30 41 1
32 43 1
31 34 1
30 41 1
29 43 1
15 5 3
37 9 2
28 49 1
34 39 1
36 0 2
17 2 3
17 5 3
13 10 3
12 11 3
30 44 1
32 3 2
28 34 1
42 43 1
30 41 1
5 12 3
43 -3 2
36 46 1
30 41 1
10 2 3
17 0 3
39 39 1
32 38 1
26 45 1
9 8 3
15 1 3
35 37 1
27 2 2
36 37 1
33 -3 2
11 12 3
31 38 1
33 2 2
8 11 3
30 32 1
34 -8 2
8 11 3
44 -3 2
40 1 2
42 7 2
28 43 1
28 43 1
2 5 3
32 -1 2
9 19 3
38 29 1
33 4 2
29 3 2
34 33 1
9 13 3
31 43 1
29 5 2
29 3 2
35 37 1
17 11 3
25 5 2
20 2 3
18 5 3
36 4 2
15 2 3
11 6 3
8 13 3
7 12 3
41 2 2
32 39 1
41 32 1
5 18 3
34 42 1
35 32 1
40 30 1
29 5 2
30 34 1
8 8 3
34 37 1
42 -4 2
40 41 1
18 5 3
12 -2 3
32 3 2
42 41 1
7 12 3
8 9 3
6 13 3
18 3 3
13 18 3
15 9 3
36 1 2
34 34 1
17 4 3
36 47 1
43 36 1
14 10 3
34 -2 2
29 -1 2
26 36 1
41 1 2
23 5 3
16 3 3
35 -7 2
20 7 3
31 44 1
5 8 3
8 16 3
8 11 3
13 15 3
18 0 3
38 36 1
30 41 1
18 5 3
33 39 1
30 41 1
32 46 1
9 9 3
36 4 2
37 34 1
6 13 3
35 36 1
20 -2 3
25 41 1
30 41 1
7 9 3
10 17 3
12 -2 3
27 33 1
31 3 2
30 -1 2
8 2 3
36 37 1
36 1 2
16 7 3
8 2 3
31 7 2
30 33 1
29 40 1
35 34 1
9 8 3
29 44 1
20 4 3
8 11 3
8 11 3
20 8 3
2 7 3
34 39 1
30 41 1
27 40 1
15 3 3
35 1 2
17 4 3
36 37 1
13 10 3
28 -4 2
41 0 2
35 1 2
10 0 3
41 1 2
36 1 2
43 35 1
29 40 1
40 -7 2
36 31 1
38 35 1
32 39 1
8 11 3
33 6 2
36 1 2
13 12 3
9 18 3
32 8 2
35 -7 2
12 7 3
35 35 1
27 38 1
22 36 1
15 3 3
42 33 1
17 3 3
36 37 1
8 11 3
22 37 1
28 39 1
39 0 2
7 11 3
5 9 3
35 -1 2
30 41 1
13 16 3
31 41 1
22 -2 2
44 0 2
2 14 3
12 6 3
33 35 1
28 49 1
41 38 1
6 10 3
43 -2 2
38 32 1
8 10 3
20 5 3
15 5 3
33 48 1
8 11 3
40 32 1
13 10 3
23 12 3
32 -4 2
34 0 2
32 35 1
13 6 3
12 10 3
36 35 1
16 8 3
34 36 1
8 11 3
35 -7 2
42 31 1
30 32 1
35 36 1
4 7 3
32 43 1
35 6 2
17 -2 3
36 37 1
34 38 1
13 13 3
19 -1 3
24 -2 2
36 37 1
31 46 1
37 31 1
30 41 1
21 10 3
9 11 3
12 0 3
18 3 3
4 14 3
4 12 3
36 2 2
38 35 1
30 4 2
33 33 1
16 10 3
33 -4 2
28 33 1
33 3 2
36 37 1
32 1 2
11 7 3
33 48 1
14 6 3
43 35 1
38 39 1
30 34 1
25 38 1
14 12 3
32 39 1
15 4 3
18 5 3
32 40 1
37 2 2
36 1 2
39 42 1
43 32 1
35 36 1
30 41 1
36 35 1
34 34 1
42 5 2
29 5 2
37 1 2
39 35 1
29 5 2
17 5 3
31 33 1
36 37 1
35 0 2
32 37 1
18 7 3
22 6 3
39 -3 2
24 38 1
13 11 3
29 41 1
37 -2 2
37 28 1
9 6 3
37 -4 2
12 2 3
22 36 1
5 10 3
18 5 3
29 40 1
17 4 3
31 45 1
6 11 3
38 41 1
37 28 1
36 30 1
40 8 2
20 3 3
6 8 3
19 0 3
29 33 1
31 35 1
36 40 1
34 38 1
19 8 3
16 4 3
32 2 2
38 43 1
18 5 3
10 12 3
7 10 3
34 -1 2
21 1 3
33 37 1
33 5 2
42 -5 2
29 -4 2
36 1 2
35 29 1
36 1 2
29 43 1
9 7 3
44 4 2
30 37 1
19 7 3
8 11 3
18 5 3
32 34 1
28 40 1
10 8 3
-1 8 3
31 1 2
36 40 1
13 7 3
33 42 1
13 17 3
26 39 1
32 46 1
37 38 1
24 41 1
37 36 1
35 37 1
24 3 2
25 1 2
30 41 1
21 4 3
41 38 1
32 -2 2
31 36 1
18 5 3
29 41 1
31 29 1
12 5 3
34 6 2
33 38 1
30 40 1
9 6 3
26 42 1
2 11 3
25 10 3
26 46 1
35 -1 2
9 2 3
29 41 1
37 39 1
38 -2 2
15 13 3
14 4 3
35 0 2
9 14 3
34 2 2
29 7 2
21 3 3
18 6 3
29 42 1
5 16 3
8 11 3
36 0 2
20 5 3
16 5 3
36 -1 2
2 18 3
15 6 3
36 35 1
27 35 1
25 42 1
18 5 3
36 42 1
36 37 1
36 37 1
37 2 2
0 0 3
