1.74 17.6 1
0.5 16.17 1
2.12 15.7 1
19.46 0.19 2
2.39 13.63 1
2.04 15.34 1
1.36 15.83 1
20.73 -0.76 2
2.7 16.15 1
19.09 1.2 2
19.26 -0.69 2
3.68 15.3 1
19.18 0.27 2
18.14 1.19 2
20.32 0.68 2
19.94 0.83 2
18.41 0.21 2
2.86 16.29 1
18.53 -1.67 2
18.87 1.58 2
1.21 15.08 1
17.95 -0.44 2
2.96 15.97 1
19.01 0.92 2
-0 16.18 1
2 16.33 1
1.58 15.76 1
-0.42 16.01 1
19.44 -0.24 2
16.63 1.98 2
2.77 16.74 1
18.9 0.09 2
2.33 16.94 1
2.9 16.94 1
1.24 14.96 1
2.19 13.81 1
3.12 16.29 1
3.14 15.71 1
18.42 -1.58 2
0.01 18.31 1
18.15 -0.56 2
19.24 -1.15 2
18.86 3.27 2
2.96 16.13 1
3.06 16.39 1
1.56 15.48 1
18.32 0.4 2
18.75 -0.46 2
18.45 -0.96 2
2.31 16.8 1
2.45 15.13 1
17.5 -1.52 2
17.82 -0 2
20.13 0.28 2
2.53 16.11 1
0.85 16.18 1
18.95 0.25 2
2.2 14.89 1
1.92 14.33 1
2.56 15.96 1
18.74 -0.32 2
20.05 -1.46 2
19.35 -0.86 2
20.21 0.49 2
18.85 -1.64 2
17.73 -0.47 2
17.9 -0.23 2
1.88 16.59 1
18.8 -0.62 2
18.41 -0.4 2
1.77 17.47 1
18.35 -2.05 2
0.83 16.62 1
19.62 0.27 2
19.59 -0.41 2
2.68 12.7 1
3.22 16.38 1
18.76 1.61 2
19.14 0.47 2
20.27 -0.24 2
20.12 1.05 2
18.54 0.77 2
3.14 18.96 1
18.81 -0.89 2
3.01 16.2 1
3.67 15.56 1
19.4 0.68 2
2.64 16.93 1
2.07 17.01 1
18.26 -0.06 2
1.9 17.84 1
20.23 1.14 2
0.88 16.14 1
2.25 15.97 1
18.72 -1.45 2
2.16 14.01 1
18.84 1 2
3.38 15.85 1
0.78 15.43 1
20.36 1.53 2
0 0 1
